  0.718  0.737  0.837  1.007  1.206  1.295  1.294  1.154  0.980  0.794  0.701
  0.010  0.004  0.006 -0.015 -0.005 -0.003  0.005  0.013 -0.003 -0.008  0.003
  0.930  1.104  1.247  1.291  1.242  1.083  0.892  0.736  0.705  0.773  0.914
  0.606  0.615  0.671  0.797  0.948  1.038  1.014  0.936  0.797  0.655  0.585
  0.430  0.446  0.529  0.645  0.718  0.766  0.726  0.646  0.545  0.472  0.418
  0.878  1.044  1.189  1.216  1.173  1.027  0.823  0.711  0.667  0.736  0.892
  0.254  0.234  0.232  0.256  0.306  0.368  0.404  0.384  0.373  0.312  0.260
  0.715  0.753  0.855  0.994  1.121  1.167  1.151  1.055  0.908  0.781  0.724
  0.759  0.899  1.007  1.022  0.957  0.857  0.728  0.611  0.573  0.634  0.763
 -0.232 -0.279 -0.345 -0.376 -0.388 -0.365 -0.335 -0.277 -0.234 -0.224 -0.229
  0.805  0.806  0.864  0.942  1.054  1.098  1.096  1.033  0.944  0.856  0.808
  0.571  0.682  0.717  0.733  0.687  0.612  0.512  0.462  0.446  0.482  0.565
 -0.715 -0.737 -0.813 -0.871 -0.883 -0.893 -0.890 -0.826 -0.760 -0.710 -0.710
  0.516  0.505  0.523  0.566  0.618  0.656  0.692  0.665  0.601  0.555  0.532
  0.282  0.361  0.408  0.415  0.376  0.325  0.260  0.213  0.228  0.234  0.294
 -0.905 -0.918 -0.979 -1.038 -1.077 -1.098 -1.086 -1.022 -0.975 -0.910 -0.899
  0.011 -0.030 -0.027 -0.048 -0.022 -0.003  0.048  0.035  0.045  0.034  0.015
  0.011  0.054  0.088  0.075  0.055  0.002 -0.070 -0.085 -0.096 -0.050 -0.002
 -0.691 -0.722 -0.773 -0.814 -0.876 -0.926 -0.904 -0.866 -0.802 -0.737 -0.732
 -0.535 -0.564 -0.615 -0.647 -0.669 -0.656 -0.632 -0.566 -0.533 -0.492 -0.532
 -0.308 -0.227 -0.227 -0.192 -0.249 -0.328 -0.380 -0.412 -0.416 -0.363 -0.300
 -0.243 -0.222 -0.247 -0.295 -0.324 -0.377 -0.391 -0.369 -0.335 -0.310 -0.235
 -0.794 -0.864 -0.930 -1.030 -1.105 -1.087 -1.047 -0.964 -0.854 -0.788 -0.783
 -0.563 -0.470 -0.420 -0.452 -0.508 -0.617 -0.696 -0.745 -0.733 -0.662 -0.560
  0.247  0.294  0.371  0.400  0.400  0.373  0.311  0.249  0.225  0.211  0.255
 -0.733 -0.788 -0.894 -1.031 -1.145 -1.173 -1.115 -1.006 -0.862 -0.769 -0.750
 -0.767 -0.636 -0.584 -0.611 -0.710 -0.840 -0.978 -1.019 -0.994 -0.905 -0.769
  0.580  0.664  0.813  0.973  1.017  1.055  0.940  0.791  0.655  0.590  0.590
 -0.401 -0.461 -0.551 -0.654 -0.733 -0.738 -0.715 -0.639 -0.532 -0.444 -0.421
 -0.896 -0.744 -0.670 -0.706 -0.836 -1.015 -1.165 -1.225 -1.199 -1.053 -0.897
  0.716  0.802  0.968  1.154  1.291  1.297  1.190  1.035  0.843  0.742  0.712
 -0.003 -0.011 -0.001  0.014 -0.008 -0.006  0.002 -0.001  0.019 -0.010  0.016
 -0.933 -0.798 -0.712 -0.759 -0.893 -1.084 -1.228 -1.303 -1.254 -1.096 -0.925
  0.614  0.690  0.817  0.932  1.022  1.011  0.934  0.802  0.665  0.581  0.582
  0.420  0.461  0.534  0.640  0.723  0.742  0.729  0.623  0.529  0.446  0.418
 -0.886 -0.752 -0.679 -0.726 -0.837 -1.017 -1.147 -1.229 -1.190 -1.051 -0.910
  0.261  0.295  0.359  0.399  0.390  0.356  0.331  0.250  0.195  0.210  0.252
  0.719  0.771  0.909  1.043  1.148  1.173  1.109  1.002  0.848  0.758  0.724
 -0.771 -0.660 -0.586 -0.627 -0.712 -0.871 -0.984 -1.035 -0.996 -0.900 -0.770
 -0.241 -0.238 -0.243 -0.283 -0.336 -0.381 -0.382 -0.372 -0.334 -0.296 -0.248
  0.794  0.838  0.948  1.039  1.090  1.101  1.062  0.949  0.853  0.793  0.781
 -0.575 -0.496 -0.407 -0.445 -0.511 -0.627 -0.706 -0.753 -0.732 -0.667 -0.558
 -0.722 -0.710 -0.749 -0.822 -0.878 -0.899 -0.903 -0.875 -0.786 -0.728 -0.706
  0.522  0.547  0.610  0.656  0.661  0.657  0.616  0.580  0.531  0.502  0.505
 -0.288 -0.239 -0.189 -0.206 -0.264 -0.308 -0.371 -0.407 -0.410 -0.349 -0.315
 -0.899 -0.918 -0.967 -1.047 -1.079 -1.105 -1.077 -1.034 -0.971 -0.913 -0.901
 -0.013  0.034  0.045  0.033  0.025  0.014 -0.024 -0.034 -0.041 -0.029 -0.011
  0.020  0.076  0.073  0.079  0.053  0.002 -0.062 -0.086 -0.081 -0.048 -0.012
 -0.705 -0.738 -0.812 -0.854 -0.897 -0.909 -0.866 -0.797 -0.747 -0.721 -0.720
 -0.514 -0.518 -0.531 -0.560 -0.621 -0.641 -0.663 -0.656 -0.597 -0.558 -0.525
  0.296  0.357  0.415  0.430  0.372  0.318  0.263  0.213  0.208  0.249  0.308
 -0.258 -0.284 -0.336 -0.373 -0.373 -0.371 -0.338 -0.267 -0.249 -0.236 -0.249
 -0.775 -0.790 -0.868 -0.947 -1.060 -1.119 -1.111 -1.040 -0.940 -0.850 -0.792
  0.573  0.654  0.727  0.753  0.712  0.618  0.508  0.443  0.409  0.466  0.565
  0.262  0.214  0.217  0.261  0.324  0.360  0.402  0.397  0.338  0.318  0.249
 -0.725 -0.745 -0.875 -0.995 -1.103 -1.181 -1.144 -1.042 -0.900 -0.785 -0.718
  0.762  0.902  1.001  1.028  0.972  0.845  0.734  0.615  0.591  0.633  0.763
  0.585  0.594  0.660  0.807  0.922  1.010  1.033  0.948  0.802  0.671  0.595
 -0.423 -0.467 -0.532 -0.636 -0.724 -0.741 -0.712 -0.639 -0.537 -0.456 -0.420
  0.890  1.063  1.186  1.198  1.187  1.015  0.853  0.735  0.681  0.742  0.894
  0.706  0.718  0.846  1.024  1.165  1.290  1.262  1.160  0.970  0.828  0.702
 -0.014  0.005 -0.004  0.006 -0.005  0.000 -0.005 -0.007 -0.005 -0.006 -0.025
  0.921  1.116  1.255  1.292  1.230  1.082  0.883  0.733  0.690  0.768  0.909
