   23.   13.    2.    1.   21.    9.   47.   22.
   35.   38.   59.   10.   34.   37.   68.   18.
   62.    5.   63.   20.   70.   32.   81.   28.
  119.   24.  113.    4.  103.   41.  107.   19.
  119.   22.  140.   18.  126.   15.  138.    2.
  134.    6.  166.   29.  180.   21.  168.   34.
   16.   81.   25.   87.   14.   67.   31.   61.
   47.   89.   42.   72.   42.   46.   68.   60.
   81.   76.   90.   84.   72.   55.   64.   57.
  101.   65.   92.   54.  110.   70.   93.   90.
  113.   72.  127.   53.  142.   82.  146.   49.
  136.   63.  155.   75.  163.   89.  169.   87.
    1.  102.   26.  120.   10.   99.   47.  102.
   31.  127.   53.  120.   54.  118.   62.  100.
   64.  102.   88.  106.   76.  112.   71.  129.
  102.  102.   91.  132.  107.  125.  110.  103.
  110.  110.  141.  133.  142.  112.  144.   93.
  131.  103.  164.  118.  174.   97.  161.  109.
   20.  157.    4.  158.   25.  142.   39.  164.
   40.  135.   49.  177.   42.  150.   64.  147.
   90.  151.   74.  168.   85.  143.   76.  158.
  116.  163.  107.  160.  106.  154.  106.  152.
   90.  172.  140.  163.  127.  151.  124.  144.
  125.  174.  157.  140.  155.  152.  160.  165.
   28.  224.   26.  220.   17.  191.   59.  196.
   49.  205.   34.  216.   48.  209.   82.  219.
   73.  211.   60.  203.   89.  202.   86.  191.
   99.  181.  111.  214.  115.  204.   96.  185.
   93.  187.  126.  188.  135.  204.  148.  190.
  133.  209.  177.  207.  156.  219.  171.  199.
   26.  242.    8.  263.   25.  264.   36.  239.
   55.  245.   47.  225.   55.  240.   71.  232.
   80.  254.   69.  236.   82.  259.   89.  252.
  108.  242.   94.  229.   95.  227.  115.  250.
  115.  228.  124.  236.  132.  253.  133.  263.
  132.  228.  178.  267.  161.  230.  179.  234.
   16.  273.   24.  296.    4.  294.   34.  309.
   35.  274.   53.  279.   58.  315.   65.  296.
   73.  307.   60.  276.   81.  306.   75.  277.
  100.  298.  106.  290.   94.  276.  117.  293.
   93.  310.  143.  296.  121.  285.  126.  282.
  141.  312.  163.  306.  166.  288.  159.  302.
   14.  340.   24.  353.   15.  328.   57.  333.
   47.  351.   53.  330.   46.  340.   78.  326.
   74.  336.   61.  339.   76.  337.   76.  356.
  105.  317.   97.  343.  112.  352.  107.  316.
  101.  318.  124.  340.  124.  356.  146.  346.
  140.  318.  168.  327.  168.  331.  153.  333.
